0.002078       222867.348929          708.503049          424.245053            0.000035            0.055323            1.361978          527.348566
0.008720       222867.348929          708.503049         1780.410225            0.000035            0.055323            1.361978          527.348566
0.020293       222867.348929          708.503049         4143.457693            0.000035            0.055323            1.361978          527.348566
0.036176       222867.348929          708.503049         7386.554548            0.000035            0.055323            1.361978          527.348566
0.055513       222867.348929          708.503049        11334.935019            0.000035            0.055323            1.361978          527.348566
0.077262       222867.348929          708.503049        15775.758582            0.000035            0.055323            1.361978          527.348566
0.100250       222867.348929          708.503049        20469.625950            0.000035            0.055323            1.361978          527.348566
0.123238       222867.348929          708.503049        25163.493317            0.000035            0.055323            1.361978          527.348566
0.144987       222867.348929          708.503049        29604.316880            0.000035            0.055323            1.361978          527.348566
0.164324       222867.348929          708.503049        33552.697352            0.000035            0.055323            1.361978          527.348566
0.180207       222867.348929          708.503049        36795.794206            0.000035            0.055323            1.361978          527.348566
0.191780       222867.348929          708.503049        39158.841674            0.000035            0.055323            1.361978          527.348566
0.198422       222867.348929          708.503049        40515.006846            0.000035            0.055323            1.361978          527.348566
0.002078       634859.904808         1192.977395          714.343840            0.000051            0.086681            1.320713          673.848339
0.008720       634859.904808         1192.977973         2997.856179            0.000051            0.086679            1.320716          673.849352
0.020293       634859.904808         1192.978163         6976.758460            0.000051            0.086679            1.320717          673.849684
0.036176       634859.904808         1192.978253        12437.489271            0.000051            0.086679            1.320717          673.849843
0.055513       634859.904808         1192.978306        19085.777755            0.000051            0.086679            1.320718          673.849935
0.077262       634859.904808         1192.978339        26563.242716            0.000051            0.086679            1.320718          673.849993
0.100250       634859.904808         1192.978361        34466.783275            0.000051            0.086679            1.320718          673.850033
0.123238       634859.904808         1192.978377        42370.323894            0.000051            0.086678            1.320718          673.850061
0.144987       634859.904808         1192.978389        49847.789030            0.000051            0.086678            1.320718          673.850081
0.164324       634859.904808         1192.978397        56496.077803            0.000051            0.086678            1.320718          673.850095
0.180207       634859.904808         1192.978403        61956.809012            0.000051            0.086678            1.320718          673.850105
0.191780       634859.904808         1192.978406        65935.711789            0.000051            0.086678            1.320718          673.850112
0.198422       634859.904808         1192.978408        68219.224687            0.000051            0.086678            1.320718          673.850115
0.002078      1352735.563588         1925.822576         1154.073320            0.000070            0.151070            1.261223          836.819249
0.008720      1352735.563588         1932.206449         4857.443597            0.000070            0.142301            1.270297          841.134178
0.020293      1352735.563588         1934.450215        11316.083690            0.000070            0.139229            1.273668          842.710030
0.036176      1352735.563588         1935.550522        20183.357757            0.000070            0.137725            1.275358          843.494776
0.055513      1352735.563588         1936.191977        30981.163252            0.000070            0.136848            1.276355          843.955995
0.077262      1352735.563588         1936.604700        43127.147850            0.000070            0.136284            1.277001          844.254224
0.100250      1352735.563588         1936.886633        55966.256595            0.000070            0.135899            1.277444          844.458614
0.123238      1352735.563588         1937.086184        68806.080694            0.000070            0.135627            1.277759          844.603610
0.144987      1352735.563588         1937.229798        80954.199632            0.000070            0.135431            1.277986          844.708132
0.164324      1352735.563588         1937.332938        91755.521868            0.000070            0.135290            1.278149          844.783285
0.180207      1352735.563588         1937.405021       100627.626593            0.000071            0.135192            1.278263          844.835852
0.191780      1352735.563588         1937.451847       107092.278822            0.000071            0.135128            1.278337          844.870020
0.198422      1352735.563588         1937.476865       110802.407060            0.000071            0.135094            1.278377          844.888281
0.002078      2337963.462213         2487.374474         1524.493855            0.000083            0.532259            1.163626          918.999733
0.008720      2337963.462213         2577.414644         6590.890113            0.000085            0.436815            1.176543          939.132821
0.020293      2337963.462213         2626.084403        15578.365686            0.000086            0.387200            1.185116          950.576016
0.036176      2337963.462213         2656.814699        28039.346992            0.000087            0.356539            1.191301          958.087782
0.055513      2337963.462213         2677.999898        43309.188109            0.000087            0.335690            1.195984          963.426151
0.077262      2337963.462213         2693.356355        60560.205522            0.000087            0.320720            1.199625          967.390196
0.100250      2337963.462213         2704.812809        78852.547494            0.000087            0.309629            1.202488          970.405058
0.123238      2337963.462213         2713.479315        97187.921586            0.000088            0.301282            1.204745          972.721135
0.144987      2337963.462213         2720.039968       114565.204839            0.000088            0.294988            1.206509          974.496009
0.164324      2337963.462213         2724.934983       130035.584635            0.000088            0.290305            1.207857          975.832965
0.180207      2337963.462213         2728.453568       142754.540604            0.000088            0.286946            1.208844          976.800923
0.191780      2337963.462213         2730.784492       152028.100548            0.000088            0.284724            1.209506          977.445436
0.198422      2337963.462213         2732.044913       157352.358997            0.000088            0.283524            1.209867          977.795057
0.002078      3537451.102962         2802.439621         1802.753949            0.000092            0.955982            1.165509          992.026935
0.008720      3537451.102962         2954.786494         7900.519963            0.000095            0.840600            1.172740         1018.165681
0.020293      3537451.102962         3047.438914        18849.621588            0.000096            0.772412            1.177239         1033.797769
0.036176      3537451.102962         3111.561384        34165.907245            0.000098            0.726061            1.180433         1044.524877
0.055513      3537451.102962         3159.175652        53062.731487            0.000099            0.692072            1.182863         1052.452617
0.077262      3537451.102962         3195.873961        74525.903599            0.000099            0.666120            1.184779         1058.546113
0.100250      3537451.102962         3224.684826        97382.176724            0.000100            0.645892            1.186314         1063.322419
0.123238      3537451.102962         3247.420090       120370.886246            0.000100            0.630018            1.187546         1067.088241
0.144987      3537451.102962         3265.236604       142217.955103            0.000101            0.617634            1.188526         1070.038056
0.164324      3537451.102962         3278.902912       161709.299904            0.000101            0.608166            1.189287         1072.300340
0.180207      3537451.102962         3288.938113       177760.093332            0.000101            0.601231            1.189851         1073.961482
0.191780      3537451.102962         3295.688913       189476.444989            0.000101            0.596575            1.190233         1075.078982
0.198422      3537451.102962         3299.374748       196208.029469            0.000101            0.594035            1.190442         1075.689144
0.002078      4886539.170028         3089.342169         2103.465670            0.000100            0.919519            1.185630         1079.257843
0.008720      4886539.170028         3279.924805         9266.389536            0.000104            0.892388            1.193994         1109.102993
0.020293      4886539.170028         3400.338215        22192.426714            0.000106            0.867268            1.198954         1127.372892
0.036176      4886539.170028         3486.117070        40343.609105            0.000108            0.846332            1.202311         1140.113992
0.055513      4886539.170028         3551.316896        62806.491109            0.000109            0.828950            1.204759         1149.648275
0.077262      4886539.170028         3602.555074        88383.587537            0.000110            0.814488            1.206618         1157.051226
0.100250      4886539.170028         3643.443304       115676.707356            0.000111            0.802480            1.208060         1162.902896
0.123238      4886539.170028         3676.154336       143174.378492            0.000112            0.792593            1.209186         1167.548968
0.144987      4886539.170028         3702.081228       169342.523852            0.000112            0.784588            1.210062         1171.209370
0.164324      4886539.170028         3722.152408       192714.727812            0.000112            0.778292            1.210730         1174.029746
0.180207      4886539.170028         3736.996536       211977.657236            0.000113            0.773582            1.211218         1176.108203
0.191780      4886539.170028         3747.034339       226047.301246            0.000113            0.770372            1.211546         1177.510127
0.198422      4886539.170028         3752.532843       234134.060689            0.000113            0.768605            1.211724         1178.276860
0.002078      6312500.000000         3585.022483         2562.707704            0.000113            0.394331            1.251911         1236.452393
0.008720      6312500.000000         3751.533909        11145.851362            0.000117            0.489217            1.241355         1249.944282
0.020293      6312500.000000         3869.486168        26567.431122            0.000119            0.543316            1.239078         1261.675891
0.036176      6312500.000000         3958.123447        48187.442094            0.000121            0.576854            1.238921         1271.106703
0.055513      6312500.000000         4027.722990        74925.261153            0.000122            0.599353            1.239389         1278.724951
0.077262      6312500.000000         4083.664909       105362.494784            0.000123            0.615272            1.240025         1284.930949
0.100250      6312500.000000         4129.057870       137840.458747            0.000124            0.626707            1.240667         1289.999913
0.123238      6312500.000000         4165.839966       170563.675691            0.000124            0.635037            1.241250         1294.120213
0.144987      6312500.000000         4195.284095       201707.800784            0.000125            0.641119            1.241748         1297.422912
0.164324      6312500.000000         4218.253031       229527.395457            0.000125            0.645511            1.242152         1300.000315
0.180207      6312500.000000         4235.338019       252458.127144            0.000126            0.648582            1.242461         1301.917366
0.191780      6312500.000000         4246.938133       269208.116099            0.000126            0.650573            1.242673         1303.218701
0.198422      6312500.000000         4253.308506       278835.982365            0.000126            0.651634            1.242791         1303.933204
0.002078      7738460.829972         4352.165495         3183.288407            0.000131            0.615636            1.193630         1346.629482
0.008720      7738460.829972         4512.264862        13768.682065            0.000134            0.549945            1.214734         1378.919542
0.020293      7738460.829972         4611.304874        32605.815691            0.000135            0.529430            1.226707         1397.128050
0.036176      7738460.829972         4683.280026        58829.764973            0.000137            0.524519            1.234104         1409.005212
0.055513      7738460.829972         4739.768296        91100.727617            0.000138            0.525860            1.239005         1417.471206
0.077262      7738460.829972         4785.660365       127705.291253            0.000139            0.529732            1.242423         1423.831976
0.100250      7738460.829972         4823.415231       166661.291303            0.000139            0.534432            1.244895         1428.755342
0.123238      7738460.829972         4854.427243       205834.452082            0.000140            0.539120            1.246724         1432.615099
0.144987      7738460.829972         4879.555151       243062.492875            0.000140            0.543365            1.248087         1435.634280
0.164324      7738460.829972         4899.356732       276280.216408            0.000140            0.546944            1.249095         1437.951991
0.180207      7738460.829972         4914.203891       303638.684386            0.000141            0.549742            1.249815         1439.657175
0.191780      7738460.829972         4924.343469       323612.013381            0.000141            0.551703            1.250291         1440.806659
0.198422      7738460.829972         4929.932316       335088.813483            0.000141            0.552799            1.250548         1441.435262
0.002078      9087548.897038         4740.982060         3554.368937            0.000139            1.159540            1.162861         1397.210555
0.008720      9087548.897038         4974.426347        15543.117023            0.000143            1.014960            1.175943         1435.285057
0.020293      9087548.897038         5117.782013        37043.433008            0.000146            0.939368            1.184999         1458.416618
0.036176      9087548.897038         5218.587195        67104.289369            0.000148            0.893071            1.191804         1474.466734
0.055513      9087548.897038         5294.825774       104188.394313            0.000149            0.862133            1.197152         1486.427168
0.077262      9087548.897038         5354.707462       146313.299662            0.000150            0.840384            1.201446         1495.680246
0.100250      9087548.897038         5402.589470       191182.542536            0.000151            0.824642            1.204921         1502.971236
0.123238      9087548.897038         5441.023442       236324.576876            0.000152            0.813074            1.207727         1508.744409
0.144987      9087548.897038         5471.603585       279237.602895            0.000152            0.804550            1.209963         1513.282499
0.164324      9087548.897038         5495.366975       317534.196728            0.000153            0.798341            1.211701         1516.772738
0.180207      9087548.897038         5513.000788       349078.479689            0.000153            0.793966            1.212989         1519.341204
0.191780      9087548.897038         5524.956608       372108.749673            0.000153            0.791112            1.213861         1521.071872
0.198422      9087548.897038         5531.517317       385342.364708            0.000153            0.789585            1.214339         1522.017795
0.002078     10287036.537787         4962.855818         3811.158240            0.000143            1.641607            1.161717         1438.650586
0.008720     10287036.537787         5239.195389        16756.771918            0.000149            1.452286            1.171255         1480.047969
0.020293     10287036.537787         5412.025855        40080.636794            0.000152            1.348851            1.177853         1505.449829
0.036176     10287036.537787         5534.748724        72797.838585            0.000154            1.282307            1.182864         1523.230510
0.055513     10287036.537787         5628.034504       113256.783821            0.000156            1.235529            1.186861         1536.585107
0.077262     10287036.537787         5701.474679       159300.475912            0.000157            1.201014            1.190123         1546.989356
0.100250     10287036.537787         5760.236410       208414.482759            0.000158            1.174868            1.192804         1555.237927
0.123238     10287036.537787         5807.389151       257882.776001            0.000159            1.154833            1.195000         1561.803936
0.144987     10287036.537787         5844.876698       304949.749869            0.000160            1.139508            1.196774         1566.988191
0.164324     10287036.537787         5873.979312       346981.779574            0.000160            1.127978            1.198167         1570.989813
0.180207     10287036.537787         5895.554584       381620.305187            0.000161            1.119638            1.199209         1573.942889
0.191780     10287036.537787         5910.171174       406918.601374            0.000161            1.114088            1.199919         1575.936766
0.198422     10287036.537787         5918.187633       421458.641586            0.000161            1.111079            1.200309         1577.027949
0.002078     11272264.436412         5104.667772         3999.909427            0.000146            2.008688            1.166231         1470.603114
0.008720     11272264.436412         5407.405335        17639.789366            0.000152            1.792616            1.174407         1514.444726
0.020293     11272264.436412         5598.665486        42278.380407            0.000156            1.672904            1.179983         1541.467988
0.036176     11272264.436412         5735.363490        76904.972314            0.000158            1.594700            1.184190         1560.448734
0.055513     11272264.436412         5839.741059       119786.832087            0.000160            1.538941            1.187536         1574.744908
0.077262     11272264.436412         5922.177787       168643.396301            0.000162            1.497261            1.190264         1585.909317
0.100250     11272264.436412         5988.291624       220805.370963            0.000163            1.465311            1.192507         1594.778596
0.123238     11272264.436412         6041.433388       273382.147739            0.000164            1.439853            1.194341         1601.847019
0.144987     11272264.436412         6083.732702       323435.957031            0.000165            1.420044            1.195822         1607.434693
0.164324     11272264.436412         6116.598755       368155.832380            0.000165            1.405027            1.196987         1611.752487
0.180207     11272264.436412         6140.978480       405022.252703            0.000166            1.394099            1.197859         1614.941659
0.191780     11272264.436412         6157.501479       431954.380417            0.000166            1.386794            1.198453         1617.096314
0.198422     11272264.436412         6166.565607       447435.853864            0.000166            1.382821            1.198781         1618.275959
0.002078     11990140.095192         5193.840169         4130.213934            0.000148            2.256677            1.170774         1492.960976
0.008720     11990140.095192         5512.746618        18246.083106            0.000154            2.025095            1.178399         1538.463872
0.020293     11990140.095192         5715.326525        43782.446287            0.000158            1.895947            1.183539         1566.582600
0.036176     11990140.095192         5860.648372        79709.645625            0.000161            1.811067            1.187392         1586.369616
0.055513     11990140.095192         5971.906739       124239.266096            0.000163            1.750211            1.190442         1601.295122
0.077262     11990140.095192         6059.953545       175006.736845            0.000165            1.703223            1.192916         1612.960617
0.100250     11990140.095192         6130.672326       229237.690362            0.000166            1.666583            1.194944         1622.234457
0.123238     11990140.095192         6187.581437       283923.417111            0.000167            1.638105            1.196603         1629.634720
0.144987     11990140.095192         6232.921105       336003.085761            0.000168            1.616048            1.197944         1635.489646
0.164324     11990140.095192         6268.174085       382545.730543            0.000168            1.599281            1.198997         1640.016487
0.180207     11990140.095192         6294.337905       420922.868239            0.000169            1.587051            1.199786         1643.361515
0.191780     11990140.095192         6312.076426       448962.833753            0.000169            1.578863            1.200323         1645.622177
0.198422     11990140.095192         6321.809513       465082.643635            0.000169            1.574405            1.200619         1646.860106
0.002078     12402132.651071         5241.012355         4203.074328            0.000149            2.391304            1.173620         1505.502782
0.008720     12402132.651071         5568.344655        18584.175733            0.000155            2.152011            1.181037         1551.921222
0.020293     12402132.651071         5776.825619        44619.743098            0.000159            2.018214            1.186005         1580.642224
0.036176     12402132.651071         5926.649211        81269.136899            0.000162            1.930065            1.189713         1600.871707
0.055513     12402132.651071         6041.505323       126712.824166            0.000164            1.865751            1.192638         1616.139319
0.077262     12402132.651071         6132.488298       178539.479667            0.000166            1.816017            1.195005         1628.078561
0.100250     12402132.651071         6205.622918       233916.706810            0.000167            1.777666            1.196943         1637.576101
0.123238     12402132.651071         6264.512593       289770.473653            0.000168            1.747811            1.198529         1645.157876
0.144987     12402132.651071         6311.452965       342971.859714            0.000169            1.724657            1.199808         1651.158359
0.164324     12402132.651071         6347.964219       390523.574446            0.000170            1.707035            1.200813         1655.798948
0.180207     12402132.651071         6375.069492       429736.917533            0.000170            1.694171            1.201565         1659.228716
0.191780     12402132.651071         6393.449925       458390.031695            0.000171            1.685551            1.202077         1661.546986
0.198422     12402132.651071         6403.536460       474863.118480            0.000171            1.680857            1.202359         1662.816576
